   A, B, C, D, E, F, G, H, I, J, K, L, M, N, O, P, Q, R, S, T, U, V, W
A  0, 6, 0, 0, 0, 5, 0, 0, 0, 0, 0, 0, 0, 0, 0, 0, 0, 0, 0, 0, 0, 0, 0
B  6, 0, 5, 0, 0, 0, 6, 0, 0, 0, 0, 0, 0, 0, 0, 0, 0, 0, 0, 0, 0, 0, 0
C  0, 5, 0, 7, 0, 0, 0, 5, 0, 0, 0, 0, 0, 0, 0, 0, 0, 0, 0, 0, 0, 0, 0
D  0, 0, 7, 0, 7, 0, 0, 0, 8, 0, 0, 0, 0, 0, 0, 0, 0, 0, 0, 0, 0, 0, 0
E  0, 0, 0, 7, 0, 0, 0, 0, 6, 0, 0, 0, 0, 15, 0, 0, 0, 0, 0, 0, 0, 0, 0
F  5, 0, 0, 0, 0, 0, 8, 0, 0, 7, 0, 0, 0, 0, 0, 0, 0, 0, 0, 0, 0, 0, 0
G  0, 6, 0, 0, 0, 8, 0, 9, 0, 0, 8, 0, 0, 0, 0, 0, 0, 0, 0, 0, 0, 0, 0
H  0, 0, 5, 0, 0, 0, 9, 0, 12, 0, 0, 0, 0, 0, 0, 0, 0, 0, 0, 0, 0, 0, 0
I  0, 0, 0, 8, 6, 0, 0, 12, 0, 0, 0, 0, 10, 0, 0, 0, 0, 0, 0, 0, 0, 0, 0
J  0, 0, 0, 0, 0, 7, 0, 0, 0, 0, 5, 0, 0, 0, 7, 0, 0, 0, 0, 0, 0, 0, 0
K  0, 0, 0, 0, 0, 0, 8, 0, 0, 5, 0, 7, 0, 0, 0, 0, 0, 0, 0, 0, 0, 0, 0
L  0, 0, 0, 0, 0, 0, 0, 0, 0, 0, 7, 0, 7, 0, 0, 7, 0, 0, 0, 0, 0, 0, 0
M  0, 0, 0, 0, 0, 0, 0, 0, 10, 0, 0, 7, 0, 9, 0, 0, 0, 0, 0, 0, 0, 0, 0
N  0, 0, 0, 0, 15, 0, 0, 0, 0, 0, 0, 0, 9, 0, 0, 0, 0, 7, 0, 0, 0, 0, 0
O  0, 0, 0, 0, 0, 0, 0, 0, 0, 7, 0, 0, 0, 0, 0, 13, 0, 0, 9, 0, 0, 0, 0
P  0, 0, 0, 0, 0, 0, 0, 0, 0, 0, 0, 7, 0, 0, 13, 0, 8, 0, 0, 0, 11, 0, 0
Q  0, 0, 0, 0, 0, 0, 0, 0, 0, 0, 0, 0, 0, 0, 0, 8, 0, 9, 0, 0, 0, 0, 0
R  0, 0, 0, 0, 0, 0, 0, 0, 0, 0, 0, 0, 0, 7, 0, 0, 9, 0, 0, 0, 0, 0, 10
S  0, 0, 0, 0, 0, 0, 0, 0, 0, 0, 0, 0, 0, 0, 9, 0, 0, 0, 0, 9, 0, 0, 0
T  0, 0, 0, 0, 0, 0, 0, 0, 0, 0, 0, 0, 0, 0, 0, 11, 0, 0, 9, 0, 8, 0, 0
U  0, 0, 0, 0, 0, 0, 0, 0, 0, 0, 0, 0, 0, 0, 0, 0, 0, 0, 0, 8, 0, 8, 0
V  0, 0, 0, 0, 0, 0, 0, 0, 0, 0, 0, 0, 0, 0, 0, 0, 0, 0, 0, 0, 8, 0, 5
W  0, 0, 0, 0, 0, 0, 0, 0, 0, 0, 0, 0, 0, 0, 0, 0, 0, 10, 0, 0, 0, 5, 0